5786385
5785182
5788966
5786379
5786986
5786990
5786987
5785490
5786988
5786989
5786984
5788972
5767655
5767656
5767657
5785373
5785681
5785682
5785347
5785346
5785403
5785571
5785501
5785500
5785468
5785503
5785579
5786382
5786383
5785812
5786371
5788969
5788970
5785152
5785326
5785575
5786069
5785480
5785473
5785611
5785337
5789022
5789020
5789021
5789024
5785535
5785496
5785499
5785543
5785685
5785616
5789027
5785509
5785186
5785187
5785561
5788892
5786981
5786979
5788894
5788895
5786980
5788896
5786978
5786843
5785633
5785634
5786844
5786845
5785637
5786846
5767683
5785639
