5785976
5785978
5785986
5785987
5785993
5786004
5786005
5786006
5786008
5786009
5786010
5786011
5786012
5786013
5786015
5786016
5786018
5786019
5785998
5786022
5786027
5786029
5786033
5786034
5786035
5786043
5786044
5786047
5786048
5786050
5786052
5786063
5786070
5786071
5786074
5786075
5786076
5786083
5786061
5786111
5785983
5786066
5786072
5786060
5786103
5786104
5786086
5786106
5786113
5786064
5786124
5786131
5786133
5786134
5786174
5786187
5786188
5786190
5785968
5786276
5786199
5785934
5785935
5786193
5786203
5786278
5786284
5786292
5786300
5786302
5786304
5786308
5786316
5786318
5786322
5786324
5786332
5786342
5786352
5786362
5786017
5785963
5785996
5786091
5786000
5786007
5786356
5786003
5786095
5786122
5785891
5786020
5786067
5786041
5786028
5786053
5786039
5786101
5786062
5786135
5786051
5786087
5785973
5786073
5786138
5786110
5786120
5786107
5786136
5786185
5786137
5786189
5786100
5786202
5786272
5786274
5786128
5786286
5786288
5786290
5786310
5786312
5786326
5786334
5786336
5786330
5786350
5786358
5786361
5786294
5786026
5786126
5785964
5786014
5786045
5786204
5786320
5786198
5786268
5786270
5786280
5786001
5786191
5786264
5785988
5786023
5786084
5786046
5785918
5786314
5785967
5786068
5785999
5786024
5786266
5786042
5785977
5786025
5786038
5786114
5786206
5786105
5786132
5786082
5786296
5786036
5786200
5786085
5786298
5786037
5786306
5786172
5786282
5786328
5786338
5786344
5786346
5786348
5786340
5786357
5786360
5785897
5785904
5785906
5785911
5785912
5786127
5786265
5786267
5786269
5786271
5786273
5786275
5786277
5786279
5786281
5786283
5786285
5786287
5786289
5786291
5786293
5786295
5786297
5786299
5786301
5786303
5786305
5786307
5786309
5786311
5786313
5786315
5786317
5786319
5786321
5786323
5786325
5786327
5786329
5786331
5786333
5786335
5786337
5786339
5786341
5786343
5786345
5786347
5786349
5786351
5786353
5786355
5785951
5785916
5785944
5785975
5785980
5785981
5786031
5786032
5786089
5786090
5785909
